###########################################################
### drift-tube potential and angle in CRY cooler
###       drifttube layout : new (after Oct.2023)
### drift-tube potential : yes
###                angle : yes
###            Elab (eV) : 1723
###   e-beam radius (cm) : 1.41421
### solenoid length (cm) : 90
###    max. overlap (cm) : 150
####################################################################################
### z position (mm) [1]   Udrift (V) [2]   angle (mrad) [3]    y deflection (mm) [4]
###---------------------------------------------------------------------------------
-619, 0, 191.113, 14.0847
-618, 0, 189.293, 13.8945
-617, 0, 187.475, 13.7061
-616, 0, 185.66, 13.5195
-615, 0, 183.848, 13.3348
-614, 0, 182.039, 13.1518
-613, 0, 180.234, 12.9707
-612, 0, 178.432, 12.7914
-611, 0, 176.633, 12.6138
-610, 0, 174.839, 12.4381
-609, 0, 173.05, 12.2642
-608, 0, 171.264, 12.092
-607, 0, 169.484, 11.9216
-606, 0, 167.708, 11.753
-605, 0, 165.938, 11.5862
-604, 0, 164.173, 11.4212
-603, 0, 162.414, 11.2579
-602, 0, 160.66, 11.0963
-601, 0, 158.913, 10.9365
-600, 0, 157.172, 10.7785
-599, 0, 155.438, 10.6222
-598, 0, 153.71, 10.4676
-597, 0, 151.989, 10.3148
-596, 0, 150.276, 10.1636
-595, 0, 148.569, 10.0142
-594, 0, 146.871, 9.86649
-593, 0, 145.18, 9.72046
-592, 0, 143.497, 9.57612
-591, 0, 141.823, 9.43346
-590, 0, 140.156, 9.29247
-589, 0, 138.499, 9.15314
-588, 0, 136.85, 9.01547
-587, 0, 135.21, 8.87944
-586, 0, 133.579, 8.74504
-585, 0, 131.958, 8.61228
-584, 0, 130.346, 8.48112
-583, 0, 128.744, 8.35158
-582, 0, 127.152, 8.22363
-581, 0, 125.569, 8.09727
-580, 0, 123.997, 7.97249
-579, 0, 122.435, 7.84927
-578, 0, 120.884, 7.72761
-577, 0, 119.343, 7.6075
-576, 0, 117.813, 7.48892
-575, 0, 116.294, 7.37187
-574, 0, 114.786, 7.25633
-573, 0, 113.289, 7.14229
-572, 0, 111.804, 7.02974
-571, 0, 110.33, 6.91867
-570, 0, 108.867, 6.80908
-569, 0, 107.416, 6.70093
-568, 0, 105.977, 6.59424
-567, 0, 104.549, 6.48898
-566, 0, 103.134, 6.38513
-565, 0, 101.73, 6.2827
-564, 0, 100.339, 6.18167
-563, 0, 98.9597, 6.08202
-562, 0, 97.5927, 5.98374
-561, 0, 96.238, 5.88683
-560, 0, 94.8957, 5.79126
-559, 0, 93.5658, 5.69703
-558, 0, 92.2484, 5.60412
-557, 0, 90.9436, 5.51253
-556, 0, 89.6513, 5.42223
-555, 0, 88.3717, 5.33322
-554, 0, 87.1047, 5.24548
-553, 0, 85.8504, 5.159
-552, 0, 84.6088, 5.07377
-551, 0, 83.3799, 4.98978
-550, 0, 82.1638, 4.90701
-549, 0, 80.9605, 4.82545
-548, 0, 79.7699, 4.74508
-547, 0, 78.5921, 4.6659
-546, 0, 77.427, 4.58789
-545, 0, 76.2748, 4.51104
-544, 0, 75.1352, 4.43533
-543, 0, 74.0084, 4.36076
-542, 0, 72.8944, 4.28731
-541, 0, 71.793, 4.21497
-540, 0, 70.7044, 4.14372
-539, 0, 69.6283, 4.07355
-538, 0, 68.5649, 4.00446
-537, 0, 67.5141, 3.93642
-536, 0, 66.4758, 3.86942
-535, 0, 65.45, 3.80346
-534, 0, 64.4367, 3.73852
-533, 0, 63.4358, 3.67458
-532, 0, 62.4472, 3.61164
-531, 0, 61.4709, 3.54968
-530, 0, 60.5069, 3.48869
-529, 0, 59.555, 3.42866
-528, 0, 58.6153, 3.36958
-527, 0, 57.6876, 3.31142
-526, 0, 56.7719, 3.25419
-525, 0, 55.8681, 3.19787
-524, 0, 54.9762, 3.14245
-523, 0, 54.096, 3.08792
-522, 0, 53.2275, 3.03425
-521, 0, 52.3706, 2.98146
-520, 0, 51.5253, 2.92951
-519, 0, 50.6914, 2.8784
-518, 0, 49.8688, 2.82812
-517, 0, 49.0575, 2.77866
-516, 0, 48.2575, 2.73
-515, 0, 47.4685, 2.68214
-514, 0, 46.6905, 2.63506
-513, 0, 45.9234, 2.58875
-512, 0, 45.1672, 2.5432
-511, 0, 44.4217, 2.49841
-510, 0, 43.6868, 2.45436
-509, 0, 42.9624, 2.41103
-508, 0, 42.2485, 2.36843
-507, 0, 41.5449, 2.32653
-506, 0, 40.8516, 2.28533
-505, 0, 40.1684, 2.24482
-504, 0, 39.4952, 2.20499
-503, 0, 38.832, 2.16583
-502, 0, 38.1786, 2.12732
-501, 0, 37.535, 2.08946
-500, 0, 36.9009, 2.05224
-499, 0, 36.2764, 2.01566
-498, 0, 35.6614, 1.97969
-497, 0, 35.0556, 1.94433
-496, 0, 34.4591, 1.90957
-495, 0, 33.8717, 1.87541
-494, 0, 33.2932, 1.84182
-493, 0, 32.7237, 1.80881
-492, 0, 32.163, 1.77637
-491, 0, 31.611, 1.74448
-490, 0, 31.0676, 1.71314
-489, 0, 30.5327, 1.68234
-488, 0, 30.0061, 1.65207
-487, 0, 29.4879, 1.62233
-486, 0, 28.9778, 1.59309
-485, 0, 28.4758, 1.56437
-484, 0, 27.9818, 1.53614
-483, 0, 27.4956, 1.5084
-482, 0, 27.0172, 1.48114
-481, 0, 26.5465, 1.45436
-480, 0, 26.0834, 1.42804
-479, 0, 25.6278, 1.40219
-478, 0, 25.1795, 1.37678
-477, 0, 24.7385, 1.35183
-476, 0, 24.3046, 1.3273
-475, 0, 23.8779, 1.30321
-474, 0, 23.4581, 1.27954
-473, 0, 23.0452, 1.25629
-472, 0, 22.6391, 1.23345
-471, 0, 22.2397, 1.21101
-470, 0, 21.8469, 1.18897
-469, 0, 21.4606, 1.16731
-468, 0, 21.0807, 1.14604
-467, 0, 20.7072, 1.12515
-466, 0, 20.3398, 1.10462
-465, 0, 19.9787, 1.08446
-464, 0, 19.6235, 1.06466
-463, 0, 19.2744, 1.04521
-462, 0, 18.9311, 1.02611
-461, 0, 18.5936, 1.00735
-460, 0, 18.2618, 0.988918
-459, 0, 17.9356, 0.970819
-458, 0, 17.615, 0.953043
-457, 0, 17.2998, 0.935586
-456, 0, 16.99, 0.91844
-455, 0, 16.6854, 0.901602
-454, 0, 16.3861, 0.885066
-453, 0, 16.0919, 0.868826
-452, 0, 15.8028, 0.852878
-451, 0, 15.5186, 0.837217
-450, 0, 15.2393, 0.821838
-449, 0, 14.9648, 0.806735
-448, 0, 14.6951, 0.791905
-447, 0, 14.43, 0.777342
-446, 0, 14.1695, 0.763042
-445, 0, 13.9136, 0.748999
-444, 0, 13.6621, 0.735211
-443, 0, 13.4149, 0.721672
-442, 0, 13.1721, 0.708378
-441, 0, 12.9335, 0.695325
-440, 0, 12.6991, 0.682508
-439, 0, 12.4688, 0.669923
-438, 0, 12.2425, 0.657567
-437, 0, 12.0202, 0.645435
-436, 0, 11.8018, 0.633523
-435, 0, 11.5873, 0.621828
-434, 0, 11.3765, 0.610346
-433, 0, 11.1694, 0.599072
-432, 0, 10.966, 0.588004
-431, 0, 10.7662, 0.577137
-430, 0, 10.5699, 0.566469
-429, 0, 10.3771, 0.555994
-428, 0, 10.1878, 0.545711
-427, 0, 10.0018, 0.535616
-426, 0, 9.81904, 0.525705
-425, 0, 9.63959, 0.515975
-424, 0, 9.46333, 0.506423
-423, 0, 9.29021, 0.497045
-422, 0, 9.12018, 0.48784
-421, 0, 8.95319, 0.478802
-420, 0, 8.78919, 0.46993
-419, 0, 8.62811, 0.461221
-418, 0, 8.46993, 0.452671
-417, 0, 8.31458, 0.444279
-416, 0, 8.16202, 0.43604
-415, 0, 8.0122, 0.427952
-414, 0, 7.86507, 0.420012
-413, 0, 7.72059, 0.412219
-412, 0, 7.57871, 0.404569
-411, 0, 7.43938, 0.397059
-410, 0, 7.30257, 0.389687
-409, 0, 7.16822, 0.382451
-408, 0, 7.03631, 0.375348
-407, 0, 6.90677, 0.368376
-406, 0, 6.77958, 0.361532
-405, 0, 6.65469, 0.354814
-404, 0, 6.53206, 0.34822
-403, 0, 6.41166, 0.341748
-402, 0, 6.29343, 0.335394
-401, 0, 6.17736, 0.329158
-400, 0, 6.06339, 0.323037
-399, 0, 5.95149, 0.317029
-398, 0, 5.84162, 0.311132
-397, 0, 5.73375, 0.305343
-396, 0, 5.62785, 0.299662
-395, 0, 5.52387, 0.294085
-394, 0, 5.42179, 0.288611
-393, 0, 5.32157, 0.283239
-392, 0, 5.22318, 0.277966
-391, 0, 5.12658, 0.27279
-390, 0, 5.03175, 0.26771
-389, 0, 4.93865, 0.262724
-388, 0, 4.84725, 0.257831
-387, 0, 4.75752, 0.253028
-386, 0, 4.66944, 0.248313
-385, 0, 4.58296, 0.243686
-384, 0, 4.49807, 0.239145
-383, 0, 4.41474, 0.234688
-382, 0, 4.33293, 0.230313
-381, 0, 4.25262, 0.22602
-380, 0, 4.17378, 0.221806
-379, 0, 4.0964, 0.21767
-378, 0, 4.02043, 0.213611
-377, 0, 3.94585, 0.209627
-376, 0, 3.87265, 0.205717
-375, 0, 3.8008, 0.201879
-374, 0, 3.73026, 0.198113
-373, 0, 3.66102, 0.194416
-372, 0, 3.59306, 0.190789
-371, 0, 3.52634, 0.187228
-370, 0, 3.46086, 0.183734
-369, 0, 3.39658, 0.180304
-368, 0, 3.33348, 0.176938
-367, 0, 3.27155, 0.173635
-366, 0, 3.21076, 0.170393
-365, 0, 3.15109, 0.167211
-364, 0, 3.09252, 0.164089
-363, 0, 3.03503, 0.161024
-362, 0, 2.97861, 0.158016
-361, 0, 2.92322, 0.155065
-360, 0, 2.86886, 0.152168
-359, 0, 2.8155, 0.149325
-358, 0, 2.76313, 0.146535
-357, 0, 2.71172, 0.143796
-356, 0, 2.66127, 0.141109
-355, 0, 2.61175, 0.138472
-354, 0, 2.56314, 0.135884
-353, 0, 2.51544, 0.133343
-352, 0, 2.46861, 0.130851
-351, 0, 2.42266, 0.128404
-350, 0, 2.37755, 0.126003
-349, 0, 2.33328, 0.123647
-348, 0, 2.28983, 0.121335
-347, 0, 2.24719, 0.119065
-346, 0, 2.20533, 0.116838
-345, 0, 2.16425, 0.114652
-344, 0, 2.12393, 0.112508
-343, 0, 2.08436, 0.110403
-342, 0, 2.04553, 0.108337
-341, 0, 2.00741, 0.106309
-340, 0, 1.97, 0.10432
-339, 0, 1.93328, 0.102367
-338, 0, 1.89725, 0.100451
-337, 0, 1.86188, 0.0985709
-336, 0, 1.82717, 0.0967255
-335, 0, 1.79311, 0.0949145
-334, 0, 1.75968, 0.0931373
-333, 0, 1.72687, 0.0913932
-332, 0, 1.69466, 0.0896815
-331, 0, 1.66306, 0.0880018
-330, 0, 1.63204, 0.0863534
-329, 0, 1.6016, 0.0847357
-328, 0, 1.57173, 0.0831482
-327, 0, 1.54241, 0.0815903
-326, 0, 1.51364, 0.0800614
-325, 0, 1.4854, 0.078561
-324, 0, 1.45768, 0.0770886
-323, 0, 1.43048, 0.0756437
-322, 0, 1.40379, 0.0742257
-321, 0, 1.37759, 0.0728341
-320, 0, 1.35188, 0.0714685
-319, 0, 1.32665, 0.0701284
-318, 0, 1.30189, 0.0688133
-317, 0, 1.27759, 0.0675227
-316, 0, 1.25374, 0.0662561
-315, 0, 1.23034, 0.0650132
-314, 0, 1.20737, 0.0637935
-313, 0, 1.18483, 0.0625966
-312, 0, 1.1627, 0.0614219
-311, 0, 1.14099, 0.0602692
-310, 0, 1.11969, 0.059138
-309, 0, 1.09878, 0.0580279
-308, 0, 1.07826, 0.0569385
-307, 0, 1.05812, 0.0558695
-306, 0, 1.03836, 0.0548203
-305, 0, 1.01896, 0.0537908
-304, 0, 0.999931, 0.0527805
-303, 0, 0.981252, 0.051789
-302, 0, 0.962921, 0.0508161
-301, 0, 0.944932, 0.0498613
-300, 0, 0.927278, 0.0489243
-299, 0, 0.909953, 0.0480048
-298, 0, 0.892951, 0.0471025
-297, 0, 0.876266, 0.046217
-296, 0, 0.859892, 0.045348
-295, 0, 0.843823, 0.0444953
-294, 0, 0.828053, 0.0436585
-293, 0, 0.812577, 0.0428373
-292, 0, 0.79739, 0.0420314
-291, 0, 0.782486, 0.0412406
-290, 0, 0.76786, 0.0404646
-289, 0, 0.753507, 0.039703
-288, 0, 0.739421, 0.0389556
-287, 0, 0.725598, 0.0382223
-286, 0, 0.712032, 0.0375026
-285, 0, 0.69872, 0.0367963
-284, 0, 0.685655, 0.0361032
-283, 0, 0.672835, 0.0354231
-282, 0, 0.660253, 0.0347557
-281, 0, 0.647906, 0.0341007
-280, 0, 0.63579, 0.033458
-279, 0, 0.623899, 0.0328273
-278, 0, 0.61223, 0.0322083
-277, 0, 0.600779, 0.0316009
-276, 0, 0.589541, 0.0310049
-275, 0, 0.578513, 0.03042
-274, 0, 0.567691, 0.029846
-273, 0, 0.557071, 0.0292827
-272, 0, 0.546648, 0.02873
-271, 0, 0.53642, 0.0281876
-270, 0, 0.526383, 0.0276553
-269, 0, 0.516533, 0.0271329
-268, 0, 0.506867, 0.0266203
-267, 0, 0.497382, 0.0261173
-266, 0, 0.488073, 0.0256237
-265, 0, 0.478938, 0.0251393
-264, 0, 0.469973, 0.024664
-263, 0, 0.461175, 0.0241975
-262, 0, 0.452542, 0.0237398
-261, 0, 0.44407, 0.0232906
-260, 0, 0.435756, 0.0228498
-259, 0, 0.427597, 0.0224172
-258, 0, 0.41959, 0.0219927
-257, 0, 0.411732, 0.0215762
-256, 0, 0.404022, 0.0211674
-255, 0, 0.396455, 0.0207663
-254, 0, 0.389029, 0.0203726
-253, 0, 0.381742, 0.0199864
-252, 0, 0.374591, 0.0196073
-251, 0, 0.367573, 0.0192353
-250, 0, 0.360686, 0.0188703
-249, 0, 0.353928, 0.0185121
-248, 0, 0.347295, 0.0181606
-247, 0, 0.340787, 0.0178157
-246, 0, 0.3344, 0.0174772
-245, 0, 0.328132, 0.017145
-244, 0, 0.321981, 0.0168191
-243, 0, 0.315945, 0.0164992
-242, 0, 0.310021, 0.0161854
-241, 0, 0.304208, 0.0158773
-240, 0, 0.298504, 0.0155751
-239, 0, 0.292905, 0.0152785
-238, 0, 0.287412, 0.0149874
-237, 0, 0.282021, 0.0147018
-236, 0, 0.27673, 0.0144216
-235, 0, 0.271538, 0.0141465
-234, 0, 0.266443, 0.0138767
-233, 0, 0.261443, 0.0136118
-232, 0, 0.256536, 0.0133519
-231, 0, 0.251721, 0.0130969
-230, 0, 0.246996, 0.0128467
-229, 0, 0.242359, 0.0126011
-228, 0, 0.237808, 0.0123601
-227, 0, 0.233343, 0.0121236
-226, 0, 0.22896, 0.0118916
-225, 0, 0.224659, 0.0116639
-224, 0, 0.220439, 0.0114404
-223, 0, 0.216297, 0.0112212
-222, 0, 0.212233, 0.011006
-221, 0, 0.208244, 0.0107949
-220, 0, 0.20433, 0.0105877
-219, 0, 0.200489, 0.0103844
-218, 0, 0.196719, 0.0101849
-217, 0, 0.19302, 0.00998913
-216, 0, 0.18939, 0.00979703
-215, 0, 0.185827, 0.00960853
-214, 0, 0.182331, 0.00942355
-213, 0, 0.1789, 0.00924204
-212, 0, 0.175533, 0.00906392
-211, 0, 0.172229, 0.00888915
-210, 0, 0.168987, 0.00871764
-209, 0, 0.165805, 0.00854935
-208, 0, 0.162682, 0.00838421
-207, 0, 0.159618, 0.00822216
-206, 0, 0.156611, 0.00806315
-205, 0, 0.153659, 0.00790712
-204, 0, 0.150763, 0.00775401
-203, 0, 0.147921, 0.00760377
-202, 0, 0.145132, 0.00745634
-201, 0, 0.142395, 0.00731168
-200, 0, 0.139709, 0.00716973
-199, 0, 0.137073, 0.00703045
-198, 0, 0.134486, 0.00689377
-197, 0, 0.131947, 0.00675965
-196, 0, 0.129456, 0.00662805
-195, 0, 0.127011, 0.00649892
-194, 0, 0.124612, 0.00637221
-193, 0, 0.122257, 0.00624788
-192, 0, 0.119947, 0.00612588
-191, 0, 0.117679, 0.00600617
-190, 0, 0.115454, 0.0058887
-189, 0, 0.11327, 0.00577344
-188, 0, 0.111127, 0.00566035
-187, 0, 0.109024, 0.00554937
-186, 0, 0.10696, 0.00544048
-185, 0, 0.104934, 0.00533364
-184, 0, 0.102946, 0.0052288
-183, 0, 0.100996, 0.00512593
-182, 0, 0.0990814, 0.00502499
-181, 0, 0.0972027, 0.00492595
-180, 0, 0.0953591, 0.00482877
-179, 0, 0.0935498, 0.00473342
-178, 0, 0.0917742, 0.00463986
-177, 0, 0.0900317, 0.00454805
-176, 0, 0.0883217, 0.00445798
-175, 0, 0.0866435, 0.0043696
-174, 0, 0.0849967, 0.00428288
-173, 0, 0.0833805, 0.00419779
-172, 0, 0.0817944, 0.0041143
-171, 0, 0.0802378, 0.00403239
-170, 0, 0.0787103, 0.00395201
-169, 0, 0.0772112, 0.00387315
-168, 0, 0.0757401, 0.00379578
-167, 0, 0.0742963, 0.00371986
-166, 0, 0.0728795, 0.00364537
-165, 0, 0.071489, 0.00357229
-164, 0, 0.0701244, 0.00350058
-163, 0, 0.0687853, 0.00343023
-162, 0, 0.0674711, 0.0033612
-161, 0, 0.0661814, 0.00329347
-160, 0, 0.0649157, 0.00322702
-159, 0, 0.0636735, 0.00316183
-158, 0, 0.0624545, 0.00309786
-157, 0, 0.0612582, 0.00303511
-156, 0, 0.0600842, 0.00297354
-155, 0, 0.058932, 0.00291313
-154, 0, 0.0578013, 0.00285386
-153, 0, 0.0566917, 0.00279571
-152, 0, 0.0556027, 0.00273867
-151, 0, 0.054534, 0.0026827
-150, 0, 0.0534851, 0.00262779
-149, 0, 0.0524559, 0.00257392
-148, 0, 0.0514457, 0.00252107
-147, 0, 0.0504544, 0.00246922
-146, 0, 0.0494815, 0.00241835
-145, 0, 0.0485267, 0.00236844
-144, 0, 0.0475898, 0.00231948
-143, 0, 0.0466702, 0.00227145
-142, 0, 0.0457678, 0.00222433
-141, 0, 0.0448821, 0.00217811
-140, 0, 0.044013, 0.00213276
-139, 0, 0.04316, 0.00208827
-138, 0, 0.0423229, 0.00204463
-137, 0, 0.0415013, 0.00200182
-136, 0, 0.0406951, 0.00195982
-135, 0, 0.0399038, 0.00191862
-134, 0, 0.0391273, 0.0018782
-133, 0, 0.0383652, 0.00183856
-132, 0, 0.0376173, 0.00179966
-131, 0, 0.0368834, 0.00176151
-130, 0, 0.036163, 0.00172409
-129, 0, 0.0354561, 0.00168738
-128, 0, 0.0347623, 0.00165137
-127, 0, 0.0340815, 0.00161605
-126, 0, 0.0334133, 0.0015814
-125, 0, 0.0327575, 0.00154741
-124, 0, 0.0321139, 0.00151407
-123, 0, 0.0314823, 0.00148138
-122, 0, 0.0308624, 0.0014493
-121, 0, 0.0302541, 0.00141784
-120, 0, 0.0296571, 0.00138699
-119, 0, 0.0290711, 0.00135672
-118, 0, 0.0284961, 0.00132704
-117, 0, 0.0279318, 0.00129792
-116, 0, 0.0273779, 0.00126937
-115, 0, 0.0268344, 0.00124136
-114, 0, 0.026301, 0.00121389
-113, 0, 0.0257774, 0.00118695
-112, 0, 0.0252636, 0.00116053
-111, 0, 0.0247594, 0.00113462
-110, 0, 0.0242645, 0.0011092
-109, 0, 0.0237789, 0.00108428
-108, 0, 0.0233022, 0.00105984
-107, 0, 0.0228345, 0.00103587
-106, 0, 0.0223754, 0.00101236
-105, 0, 0.0219248, 0.00098931
-104, 0, 0.0214826, 0.000966705
-103, 0, 0.0210487, 0.000944538
-102, 0, 0.0206228, 0.000922801
-101, 0, 0.0202048, 0.000901486
-100, 0, 0.0197946, 0.000880585
-99, 0, 0.019392, 0.000860091
-98, 0, 0.0189969, 0.000839995
-97, 0, 0.0186091, 0.000820291
-96, 0, 0.0182285, 0.00080097
-95, 0, 0.017855, 0.000782027
-94, 0, 0.0174884, 0.000763454
-93, 0, 0.0171287, 0.000745244
-92, 0, 0.0167756, 0.000727391
-91, 0, 0.0164291, 0.000709887
-90, 0, 0.016089, 0.000692726
-89, 0, 0.0157553, 0.000675903
-88, 0, 0.0154277, 0.00065941
-87, 0, 0.0151062, 0.000643242
-86, 0, 0.0147907, 0.000627392
-85, 0, 0.0144811, 0.000611854
-84, 0, 0.0141771, 0.000596624
-83, 0, 0.0138789, 0.000581694
-82, 0, 0.0135862, 0.00056706
-81, 0, 0.0132989, 0.000552716
-80, 0, 0.0130169, 0.000538657
-79, 0, 0.0127402, 0.000524877
-78, 0, 0.0124686, 0.000511371
-77, 0, 0.0122021, 0.000498134
-76, 0, 0.0119405, 0.000485161
-75, 0, 0.0116837, 0.000472447
-74, 0, 0.0114318, 0.000459988
-73, 0, 0.0111845, 0.000447778
-72, 0, 0.0109418, 0.000435814
-71, 0, 0.0107036, 0.00042409
-70, 0, 0.0104698, 0.000412601
-69, 0, 0.0102403, 0.000401345
-68, 0, 0.0100151, 0.000390315
-67, 0, 0.00979412, 0.000379509
-66, 0, 0.00957721, 0.000368922
-65, 0, 0.00936432, 0.000358549
-64, 0, 0.00915538, 0.000348388
-63, 0, 0.00895032, 0.000338433
-62, 0, 0.00874906, 0.000328682
-61, 0, 0.00855154, 0.00031913
-60, 0, 0.00835768, 0.000309774
-59, 0, 0.00816741, 0.00030061
-58, 0, 0.00798067, 0.000291634
-57, 0, 0.0077974, 0.000282843
-56, 0, 0.00761752, 0.000274234
-55, 0, 0.00744098, 0.000265803
-54, 0, 0.00726772, 0.000257547
-53, 0, 0.00709766, 0.000249463
-52, 0, 0.00693076, 0.000241547
-51, 0, 0.00676696, 0.000233796
-50, 0, 0.00660619, 0.000226208
-49, 0, 0.0064484, 0.000218779
-48, 0, 0.00629353, 0.000211507
-47, 0, 0.00614154, 0.000204387
-46, 0, 0.00599236, 0.000197419
-45, 0, 0.00584595, 0.000190598
-44, 0, 0.00570226, 0.000183922
-43, 0, 0.00556122, 0.000177388
-42, 0, 0.0054228, 0.000170995
-41, 0, 0.00528694, 0.000164738
-40, 0, 0.00515361, 0.000158616
-39, 0, 0.00502274, 0.000152626
-38, 0, 0.00489429, 0.000146766
-37, 0, 0.00476823, 0.000141033
-36, 0, 0.0046445, 0.000135425
-35, 0, 0.00452307, 0.000129939
-34, 0, 0.00440388, 0.000124574
-33, 0, 0.0042869, 0.000119327
-32, 0, 0.00417209, 0.000114196
-31, 0, 0.00405941, 0.000109178
-30, 0, 0.00394881, 0.000104272
-29, 0, 0.00384026, 9.94758e-05
-28, 0, 0.00373372, 9.47871e-05
-27, 0, 0.00362915, 9.02038e-05
-26, 0, 0.00352652, 8.57242e-05
-25, 0, 0.00342579, 8.13463e-05
-24, 0, 0.00332693, 7.70681e-05
-23, 0, 0.0032299, 7.28879e-05
-22, 0, 0.00313466, 6.88038e-05
-21, 0, 0.00304118, 6.48141e-05
-20, 0, 0.00294944, 6.0917e-05
-19, 0, 0.00285939, 5.71108e-05
-18, 0, 0.00277101, 5.33937e-05
-17, 0, 0.00268427, 4.97643e-05
-16, 0, 0.00259913, 4.62208e-05
-15, 0, 0.00251557, 4.27616e-05
-14, 0, 0.00243356, 3.93852e-05
-13, 0, 0.00235306, 3.60901e-05
-12, 0, 0.00227405, 3.28747e-05
-11, 0, 0.0021965, 2.97376e-05
-10, 0, 0.00212039, 2.66773e-05
-9, 0, 0.00204569, 2.36925e-05
-8, 0, 0.00197237, 2.07816e-05
-7, 0, 0.0019004, 1.79434e-05
-6, 0, 0.00182977, 1.51765e-05
-5, 0, 0.00176044, 1.24795e-05
-4, 0, 0.0016924, 9.85126e-06
-3, 0, 0.00162561, 7.29041e-06
-2, 0, 0.00156006, 4.79573e-06
-1, 0, 0.00149572, 2.366e-06
1.42109e-13, 0, 0.00143257, 2.49023e-14
1, 0, 0.00149572, 2.366e-06
2, 0, 0.00156006, 4.79573e-06
3, 0, 0.00162561, 7.29041e-06
4, 0, 0.0016924, 9.85126e-06
5, 0, 0.00176044, 1.24795e-05
6, 0, 0.00182977, 1.51765e-05
7, 0, 0.0019004, 1.79434e-05
8, 0, 0.00197237, 2.07816e-05
9, 0, 0.00204569, 2.36925e-05
10, 0, 0.00212039, 2.66773e-05
11, 0, 0.0021965, 2.97376e-05
12, 0, 0.00227405, 3.28747e-05
13, 0, 0.00235306, 3.60901e-05
14, 0, 0.00243356, 3.93852e-05
15, 0, 0.00251557, 4.27616e-05
16, 0, 0.00259913, 4.62208e-05
17, 0, 0.00268427, 4.97643e-05
18, 0, 0.00277101, 5.33937e-05
19, 0, 0.00285939, 5.71108e-05
20, 0, 0.00294944, 6.0917e-05
21, 0, 0.00304118, 6.48141e-05
22, 0, 0.00313466, 6.88038e-05
23, 0, 0.0032299, 7.28879e-05
24, 0, 0.00332693, 7.70681e-05
25, 0, 0.00342579, 8.13463e-05
26, 0, 0.00352652, 8.57242e-05
27, 0, 0.00362915, 9.02038e-05
28, 0, 0.00373372, 9.47871e-05
29, 0, 0.00384026, 9.94758e-05
30, 0, 0.00394881, 0.000104272
31, 0, 0.00405941, 0.000109178
32, 0, 0.00417209, 0.000114196
33, 0, 0.0042869, 0.000119327
34, 0, 0.00440388, 0.000124574
35, 0, 0.00452307, 0.000129939
36, 0, 0.0046445, 0.000135425
37, 0, 0.00476823, 0.000141033
38, 0, 0.00489429, 0.000146766
39, 0, 0.00502274, 0.000152626
40, 0, 0.00515361, 0.000158616
41, 0, 0.00528694, 0.000164738
42, 0, 0.0054228, 0.000170995
43, 0, 0.00556122, 0.000177388
44, 0, 0.00570226, 0.000183922
45, 0, 0.00584595, 0.000190598
46, 0, 0.00599236, 0.000197419
47, 0, 0.00614154, 0.000204387
48, 0, 0.00629353, 0.000211507
49, 0, 0.0064484, 0.000218779
50, 0, 0.00660619, 0.000226208
51, 0, 0.00676696, 0.000233796
52, 0, 0.00693076, 0.000241547
53, 0, 0.00709766, 0.000249463
54, 0, 0.00726772, 0.000257547
55, 0, 0.00744098, 0.000265803
56, 0, 0.00761752, 0.000274234
57, 0, 0.0077974, 0.000282843
58, 0, 0.00798067, 0.000291634
59, 0, 0.00816741, 0.00030061
60, 0, 0.00835768, 0.000309774
61, 0, 0.00855154, 0.00031913
62, 0, 0.00874906, 0.000328682
63, 0, 0.00895032, 0.000338433
64, 0, 0.00915538, 0.000348388
65, 0, 0.00936432, 0.000358549
66, 0, 0.00957721, 0.000368922
67, 0, 0.00979412, 0.000379509
68, 0, 0.0100151, 0.000390315
69, 0, 0.0102403, 0.000401345
70, 0, 0.0104698, 0.000412601
71, 0, 0.0107036, 0.00042409
72, 0, 0.0109418, 0.000435814
73, 0, 0.0111845, 0.000447778
74, 0, 0.0114318, 0.000459988
75, 0, 0.0116837, 0.000472447
76, 0, 0.0119405, 0.000485161
77, 0, 0.0122021, 0.000498134
78, 0, 0.0124686, 0.000511371
79, 0, 0.0127402, 0.000524877
80, 0, 0.0130169, 0.000538657
81, 0, 0.0132989, 0.000552716
82, 0, 0.0135862, 0.00056706
83, 0, 0.0138789, 0.000581694
84, 0, 0.0141771, 0.000596624
85, 0, 0.0144811, 0.000611854
86, 0, 0.0147907, 0.000627392
87, 0, 0.0151062, 0.000643242
88, 0, 0.0154277, 0.00065941
89, 0, 0.0157553, 0.000675903
90, 0, 0.016089, 0.000692726
91, 0, 0.0164291, 0.000709887
92, 0, 0.0167756, 0.000727391
93, 0, 0.0171287, 0.000745244
94, 0, 0.0174884, 0.000763454
95, 0, 0.017855, 0.000782027
96, 0, 0.0182285, 0.00080097
97, 0, 0.0186091, 0.000820291
98, 0, 0.0189969, 0.000839995
99, 0, 0.019392, 0.000860091
100, 0, 0.0197946, 0.000880585
101, 0, 0.0202048, 0.000901486
102, 0, 0.0206228, 0.000922801
103, 0, 0.0210487, 0.000944538
104, 0, 0.0214826, 0.000966705
105, 0, 0.0219248, 0.00098931
106, 0, 0.0223754, 0.00101236
107, 0, 0.0228345, 0.00103587
108, 0, 0.0233022, 0.00105984
109, 0, 0.0237789, 0.00108428
110, 0, 0.0242645, 0.0011092
111, 0, 0.0247594, 0.00113462
112, 0, 0.0252636, 0.00116053
113, 0, 0.0257774, 0.00118695
114, 0, 0.026301, 0.00121389
115, 0, 0.0268344, 0.00124136
116, 0, 0.0273779, 0.00126937
117, 0, 0.0279318, 0.00129792
118, 0, 0.0284961, 0.00132704
119, 0, 0.0290711, 0.00135672
120, 0, 0.0296571, 0.00138699
121, 0, 0.0302541, 0.00141784
122, 0, 0.0308624, 0.0014493
123, 0, 0.0314823, 0.00148138
124, 0, 0.0321139, 0.00151407
125, 0, 0.0327575, 0.00154741
126, 0, 0.0334133, 0.0015814
127, 0, 0.0340815, 0.00161605
128, 0, 0.0347623, 0.00165137
129, 0, 0.0354561, 0.00168738
130, 0, 0.036163, 0.00172409
131, 0, 0.0368834, 0.00176151
132, 0, 0.0376173, 0.00179966
133, 0, 0.0383652, 0.00183856
134, 0, 0.0391273, 0.0018782
135, 0, 0.0399038, 0.00191862
136, 0, 0.0406951, 0.00195982
137, 0, 0.0415013, 0.00200182
138, 0, 0.0423229, 0.00204463
139, 0, 0.04316, 0.00208827
140, 0, 0.044013, 0.00213276
141, 0, 0.0448821, 0.00217811
142, 0, 0.0457678, 0.00222433
143, 0, 0.0466702, 0.00227145
144, 0, 0.0475898, 0.00231948
145, 0, 0.0485267, 0.00236844
146, 0, 0.0494815, 0.00241835
147, 0, 0.0504544, 0.00246922
148, 0, 0.0514457, 0.00252107
149, 0, 0.0524559, 0.00257392
150, 0, 0.0534851, 0.00262779
151, 0, 0.054534, 0.0026827
152, 0, 0.0556027, 0.00273867
153, 0, 0.0566917, 0.00279571
154, 0, 0.0578013, 0.00285386
155, 0, 0.058932, 0.00291313
156, 0, 0.0600842, 0.00297354
157, 0, 0.0612582, 0.00303511
158, 0, 0.0624545, 0.00309786
159, 0, 0.0636735, 0.00316183
160, 0, 0.0649157, 0.00322702
161, 0, 0.0661814, 0.00329347
162, 0, 0.0674711, 0.0033612
163, 0, 0.0687853, 0.00343023
164, 0, 0.0701244, 0.00350058
165, 0, 0.071489, 0.00357229
166, 0, 0.0728795, 0.00364537
167, 0, 0.0742963, 0.00371986
168, 0, 0.0757401, 0.00379578
169, 0, 0.0772112, 0.00387315
170, 0, 0.0787103, 0.00395201
171, 0, 0.0802378, 0.00403239
172, 0, 0.0817944, 0.0041143
173, 0, 0.0833805, 0.00419779
174, 0, 0.0849967, 0.00428288
175, 0, 0.0866435, 0.0043696
176, 0, 0.0883217, 0.00445798
177, 0, 0.0900317, 0.00454805
178, 0, 0.0917742, 0.00463986
179, 0, 0.0935498, 0.00473342
180, 0, 0.0953591, 0.00482877
181, 0, 0.0972027, 0.00492595
182, 0, 0.0990814, 0.00502499
183, 0, 0.100996, 0.00512593
184, 0, 0.102946, 0.0052288
185, 0, 0.104934, 0.00533364
186, 0, 0.10696, 0.00544048
187, 0, 0.109024, 0.00554937
188, 0, 0.111127, 0.00566035
189, 0, 0.11327, 0.00577344
190, 0, 0.115454, 0.0058887
191, 0, 0.117679, 0.00600617
192, 0, 0.119947, 0.00612588
193, 0, 0.122257, 0.00624788
194, 0, 0.124612, 0.00637221
195, 0, 0.127011, 0.00649892
196, 0, 0.129456, 0.00662805
197, 0, 0.131947, 0.00675965
198, 0, 0.134486, 0.00689377
199, 0, 0.137073, 0.00703045
200, 0, 0.139709, 0.00716973
201, 0, 0.142395, 0.00731168
202, 0, 0.145132, 0.00745634
203, 0, 0.147921, 0.00760377
204, 0, 0.150763, 0.00775401
205, 0, 0.153659, 0.00790712
206, 0, 0.156611, 0.00806315
207, 0, 0.159618, 0.00822216
208, 0, 0.162682, 0.00838421
209, 0, 0.165805, 0.00854935
210, 0, 0.168987, 0.00871764
211, 0, 0.172229, 0.00888915
212, 0, 0.175533, 0.00906392
213, 0, 0.1789, 0.00924204
214, 0, 0.182331, 0.00942355
215, 0, 0.185827, 0.00960853
216, 0, 0.18939, 0.00979703
217, 0, 0.19302, 0.00998913
218, 0, 0.196719, 0.0101849
219, 0, 0.200489, 0.0103844
220, 0, 0.20433, 0.0105877
221, 0, 0.208244, 0.0107949
222, 0, 0.212233, 0.011006
223, 0, 0.216297, 0.0112212
224, 0, 0.220439, 0.0114404
225, 0, 0.224659, 0.0116639
226, 0, 0.22896, 0.0118916
227, 0, 0.233343, 0.0121236
228, 0, 0.237808, 0.0123601
229, 0, 0.242359, 0.0126011
230, 0, 0.246996, 0.0128467
231, 0, 0.251721, 0.0130969
232, 0, 0.256536, 0.0133519
233, 0, 0.261443, 0.0136118
234, 0, 0.266443, 0.0138767
235, 0, 0.271538, 0.0141465
236, 0, 0.27673, 0.0144216
237, 0, 0.282021, 0.0147018
238, 0, 0.287412, 0.0149874
239, 0, 0.292905, 0.0152785
240, 0, 0.298504, 0.0155751
241, 0, 0.304208, 0.0158773
242, 0, 0.310021, 0.0161854
243, 0, 0.315945, 0.0164992
244, 0, 0.321981, 0.0168191
245, 0, 0.328132, 0.017145
246, 0, 0.3344, 0.0174772
247, 0, 0.340787, 0.0178157
248, 0, 0.347295, 0.0181606
249, 0, 0.353928, 0.0185121
250, 0, 0.360686, 0.0188703
251, 0, 0.367573, 0.0192353
252, 0, 0.374591, 0.0196073
253, 0, 0.381742, 0.0199864
254, 0, 0.389029, 0.0203726
255, 0, 0.396455, 0.0207663
256, 0, 0.404022, 0.0211674
257, 0, 0.411732, 0.0215762
258, 0, 0.41959, 0.0219927
259, 0, 0.427597, 0.0224172
260, 0, 0.435756, 0.0228498
261, 0, 0.44407, 0.0232906
262, 0, 0.452542, 0.0237398
263, 0, 0.461175, 0.0241975
264, 0, 0.469973, 0.024664
265, 0, 0.478938, 0.0251393
266, 0, 0.488073, 0.0256237
267, 0, 0.497382, 0.0261173
268, 0, 0.506867, 0.0266203
269, 0, 0.516533, 0.0271329
270, 0, 0.526383, 0.0276553
271, 0, 0.53642, 0.0281876
272, 0, 0.546648, 0.02873
273, 0, 0.557071, 0.0292827
274, 0, 0.567691, 0.029846
275, 0, 0.578513, 0.03042
276, 0, 0.589541, 0.0310049
277, 0, 0.600779, 0.0316009
278, 0, 0.61223, 0.0322083
279, 0, 0.623899, 0.0328273
280, 0, 0.63579, 0.033458
281, 0, 0.647906, 0.0341007
282, 0, 0.660253, 0.0347557
283, 0, 0.672835, 0.0354231
284, 0, 0.685655, 0.0361032
285, 0, 0.69872, 0.0367963
286, 0, 0.712032, 0.0375026
287, 0, 0.725598, 0.0382223
288, 0, 0.739421, 0.0389556
289, 0, 0.753507, 0.039703
290, 0, 0.76786, 0.0404646
291, 0, 0.782486, 0.0412406
292, 0, 0.79739, 0.0420314
293, 0, 0.812577, 0.0428373
294, 0, 0.828053, 0.0436585
295, 0, 0.843823, 0.0444953
296, 0, 0.859892, 0.045348
297, 0, 0.876266, 0.046217
298, 0, 0.892951, 0.0471025
299, 0, 0.909953, 0.0480048
300, 0, 0.927278, 0.0489243
301, 0, 0.944932, 0.0498613
302, 0, 0.962921, 0.0508161
303, 0, 0.981252, 0.051789
304, 0, 0.999931, 0.0527805
305, 0, 1.01896, 0.0537908
306, 0, 1.03836, 0.0548203
307, 0, 1.05812, 0.0558695
308, 0, 1.07826, 0.0569385
309, 0, 1.09878, 0.0580279
310, 0, 1.11969, 0.059138
311, 0, 1.14099, 0.0602692
312, 0, 1.1627, 0.0614219
313, 0, 1.18483, 0.0625966
314, 0, 1.20737, 0.0637935
315, 0, 1.23034, 0.0650132
316, 0, 1.25374, 0.0662561
317, 0, 1.27759, 0.0675227
318, 0, 1.30189, 0.0688133
319, 0, 1.32665, 0.0701284
320, 0, 1.35188, 0.0714685
321, 0, 1.37759, 0.0728341
322, 0, 1.40379, 0.0742257
323, 0, 1.43048, 0.0756437
324, 0, 1.45768, 0.0770886
325, 0, 1.4854, 0.078561
326, 0, 1.51364, 0.0800614
327, 0, 1.54241, 0.0815903
328, 0, 1.57173, 0.0831482
329, 0, 1.6016, 0.0847357
330, 0, 1.63204, 0.0863534
331, 0, 1.66306, 0.0880018
332, 0, 1.69466, 0.0896815
333, 0, 1.72687, 0.0913932
334, 0, 1.75968, 0.0931373
335, 0, 1.79311, 0.0949145
336, 0, 1.82717, 0.0967255
337, 0, 1.86188, 0.0985709
338, 0, 1.89725, 0.100451
339, 0, 1.93328, 0.102367
340, 0, 1.97, 0.10432
341, 0, 2.00741, 0.106309
342, 0, 2.04553, 0.108337
343, 0, 2.08436, 0.110403
344, 0, 2.12393, 0.112508
345, 0, 2.16425, 0.114652
346, 0, 2.20533, 0.116838
347, 0, 2.24719, 0.119065
348, 0, 2.28983, 0.121335
349, 0, 2.33328, 0.123647
350, 0, 2.37755, 0.126003
351, 0, 2.42266, 0.128404
352, 0, 2.46861, 0.130851
353, 0, 2.51544, 0.133343
354, 0, 2.56314, 0.135884
355, 0, 2.61175, 0.138472
356, 0, 2.66127, 0.141109
357, 0, 2.71172, 0.143796
358, 0, 2.76313, 0.146535
359, 0, 2.8155, 0.149325
360, 0, 2.86886, 0.152168
361, 0, 2.92322, 0.155065
362, 0, 2.97861, 0.158016
363, 0, 3.03503, 0.161024
364, 0, 3.09252, 0.164089
365, 0, 3.15109, 0.167211
366, 0, 3.21076, 0.170393
367, 0, 3.27155, 0.173635
368, 0, 3.33348, 0.176938
369, 0, 3.39658, 0.180304
370, 0, 3.46086, 0.183734
371, 0, 3.52634, 0.187228
372, 0, 3.59306, 0.190789
373, 0, 3.66102, 0.194416
374, 0, 3.73026, 0.198113
375, 0, 3.8008, 0.201879
376, 0, 3.87265, 0.205717
377, 0, 3.94585, 0.209627
378, 0, 4.02043, 0.213611
379, 0, 4.0964, 0.21767
380, 0, 4.17378, 0.221806
381, 0, 4.25262, 0.22602
382, 0, 4.33293, 0.230313
383, 0, 4.41474, 0.234688
384, 0, 4.49807, 0.239145
385, 0, 4.58296, 0.243686
386, 0, 4.66944, 0.248313
387, 0, 4.75752, 0.253028
388, 0, 4.84725, 0.257831
389, 0, 4.93865, 0.262724
390, 0, 5.03175, 0.26771
391, 0, 5.12658, 0.27279
392, 0, 5.22318, 0.277966
393, 0, 5.32157, 0.283239
394, 0, 5.42179, 0.288611
395, 0, 5.52387, 0.294085
396, 0, 5.62785, 0.299662
397, 0, 5.73375, 0.305343
398, 0, 5.84162, 0.311132
399, 0, 5.95149, 0.317029
400, 0, 6.06339, 0.323037
401, 0, 6.17736, 0.329158
402, 0, 6.29343, 0.335394
403, 0, 6.41166, 0.341748
404, 0, 6.53206, 0.34822
405, 0, 6.65469, 0.354814
406, 0, 6.77958, 0.361532
407, 0, 6.90677, 0.368376
408, 0, 7.03631, 0.375348
409, 0, 7.16822, 0.382451
410, 0, 7.30257, 0.389687
411, 0, 7.43938, 0.397059
412, 0, 7.57871, 0.404569
413, 0, 7.72059, 0.412219
414, 0, 7.86507, 0.420012
415, 0, 8.0122, 0.427952
416, 0, 8.16202, 0.43604
417, 0, 8.31458, 0.444279
418, 0, 8.46993, 0.452671
419, 0, 8.62811, 0.461221
420, 0, 8.78919, 0.46993
421, 0, 8.95319, 0.478802
422, 0, 9.12018, 0.48784
423, 0, 9.29021, 0.497045
424, 0, 9.46333, 0.506423
425, 0, 9.63959, 0.515975
426, 0, 9.81904, 0.525705
427, 0, 10.0018, 0.535616
428, 0, 10.1878, 0.545711
429, 0, 10.3771, 0.555994
430, 0, 10.5699, 0.566469
431, 0, 10.7662, 0.577137
432, 0, 10.966, 0.588004
433, 0, 11.1694, 0.599072
434, 0, 11.3765, 0.610346
435, 0, 11.5873, 0.621828
436, 0, 11.8018, 0.633523
437, 0, 12.0202, 0.645435
438, 0, 12.2425, 0.657567
439, 0, 12.4688, 0.669923
440, 0, 12.6991, 0.682508
441, 0, 12.9335, 0.695325
442, 0, 13.1721, 0.708378
443, 0, 13.4149, 0.721672
444, 0, 13.6621, 0.735211
445, 0, 13.9136, 0.748999
446, 0, 14.1695, 0.763042
447, 0, 14.43, 0.777342
448, 0, 14.6951, 0.791905
449, 0, 14.9648, 0.806735
450, 0, 15.2393, 0.821838
451, 0, 15.5186, 0.837217
452, 0, 15.8028, 0.852878
453, 0, 16.0919, 0.868826
454, 0, 16.3861, 0.885066
455, 0, 16.6854, 0.901602
456, 0, 16.99, 0.91844
457, 0, 17.2998, 0.935586
458, 0, 17.615, 0.953043
459, 0, 17.9356, 0.970819
460, 0, 18.2618, 0.988918
461, 0, 18.5936, 1.00735
462, 0, 18.9311, 1.02611
463, 0, 19.2744, 1.04521
464, 0, 19.6235, 1.06466
465, 0, 19.9787, 1.08446
466, 0, 20.3398, 1.10462
467, 0, 20.7072, 1.12515
468, 0, 21.0807, 1.14604
469, 0, 21.4606, 1.16731
470, 0, 21.8469, 1.18897
471, 0, 22.2397, 1.21101
472, 0, 22.6391, 1.23345
473, 0, 23.0452, 1.25629
474, 0, 23.4581, 1.27954
475, 0, 23.8779, 1.30321
476, 0, 24.3046, 1.3273
477, 0, 24.7385, 1.35183
478, 0, 25.1795, 1.37678
479, 0, 25.6278, 1.40219
480, 0, 26.0834, 1.42804
481, 0, 26.5465, 1.45436
482, 0, 27.0172, 1.48114
483, 0, 27.4956, 1.5084
484, 0, 27.9818, 1.53614
485, 0, 28.4758, 1.56437
486, 0, 28.9778, 1.59309
487, 0, 29.4879, 1.62233
488, 0, 30.0061, 1.65207
489, 0, 30.5327, 1.68234
490, 0, 31.0676, 1.71314
491, 0, 31.611, 1.74448
492, 0, 32.163, 1.77637
493, 0, 32.7237, 1.80881
494, 0, 33.2932, 1.84182
495, 0, 33.8717, 1.87541
496, 0, 34.4591, 1.90957
497, 0, 35.0556, 1.94433
498, 0, 35.6614, 1.97969
499, 0, 36.2764, 2.01566
500, 0, 36.9009, 2.05224
501, 0, 37.535, 2.08946
502, 0, 38.1786, 2.12732
503, 0, 38.832, 2.16583
504, 0, 39.4952, 2.20499
505, 0, 40.1684, 2.24482
506, 0, 40.8516, 2.28533
507, 0, 41.5449, 2.32653
508, 0, 42.2485, 2.36843
509, 0, 42.9624, 2.41103
510, 0, 43.6868, 2.45436
511, 0, 44.4217, 2.49841
512, 0, 45.1672, 2.5432
513, 0, 45.9234, 2.58875
514, 0, 46.6905, 2.63506
515, 0, 47.4685, 2.68214
516, 0, 48.2575, 2.73
517, 0, 49.0575, 2.77866
518, 0, 49.8688, 2.82812
519, 0, 50.6914, 2.8784
520, 0, 51.5253, 2.92951
521, 0, 52.3706, 2.98146
522, 0, 53.2275, 3.03425
523, 0, 54.096, 3.08792
524, 0, 54.9762, 3.14245
525, 0, 55.8681, 3.19787
526, 0, 56.7719, 3.25419
527, 0, 57.6876, 3.31142
528, 0, 58.6153, 3.36958
529, 0, 59.555, 3.42866
530, 0, 60.5069, 3.48869
531, 0, 61.4709, 3.54968
532, 0, 62.4472, 3.61164
533, 0, 63.4358, 3.67458
534, 0, 64.4367, 3.73852
535, 0, 65.45, 3.80346
536, 0, 66.4758, 3.86942
537, 0, 67.5141, 3.93642
538, 0, 68.5649, 4.00446
539, 0, 69.6283, 4.07355
540, 0, 70.7044, 4.14372
541, 0, 71.793, 4.21497
542, 0, 72.8944, 4.28731
543, 0, 74.0084, 4.36076
544, 0, 75.1352, 4.43533
545, 0, 76.2748, 4.51104
546, 0, 77.427, 4.58789
547, 0, 78.5921, 4.6659
548, 0, 79.7699, 4.74508
549, 0, 80.9605, 4.82545
550, 0, 82.1638, 4.90701
551, 0, 83.3799, 4.98978
552, 0, 84.6088, 5.07377
553, 0, 85.8504, 5.159
554, 0, 87.1047, 5.24548
555, 0, 88.3717, 5.33322
556, 0, 89.6513, 5.42223
557, 0, 90.9436, 5.51253
558, 0, 92.2484, 5.60412
559, 0, 93.5658, 5.69703
560, 0, 94.8957, 5.79126
561, 0, 96.238, 5.88683
562, 0, 97.5927, 5.98374
563, 0, 98.9597, 6.08202
564, 0, 100.339, 6.18167
565, 0, 101.73, 6.2827
566, 0, 103.134, 6.38513
567, 0, 104.549, 6.48898
568, 0, 105.977, 6.59424
569, 0, 107.416, 6.70093
570, 0, 108.867, 6.80908
571, 0, 110.33, 6.91867
572, 0, 111.804, 7.02974
573, 0, 113.289, 7.14229
574, 0, 114.786, 7.25633
575, 0, 116.294, 7.37187
576, 0, 117.813, 7.48892
577, 0, 119.343, 7.6075
578, 0, 120.884, 7.72761
579, 0, 122.435, 7.84927
580, 0, 123.997, 7.97249
581, 0, 125.569, 8.09727
582, 0, 127.152, 8.22363
583, 0, 128.744, 8.35158
584, 0, 130.346, 8.48112
585, 0, 131.958, 8.61228
586, 0, 133.579, 8.74504
587, 0, 135.21, 8.87944
588, 0, 136.85, 9.01547
589, 0, 138.499, 9.15314
590, 0, 140.156, 9.29247
591, 0, 141.823, 9.43346
592, 0, 143.497, 9.57612
593, 0, 145.18, 9.72046
594, 0, 146.871, 9.86649
595, 0, 148.569, 10.0142
596, 0, 150.276, 10.1636
597, 0, 151.989, 10.3148
598, 0, 153.71, 10.4676
599, 0, 155.438, 10.6222
600, 0, 157.172, 10.7785
601, 0, 158.913, 10.9365
602, 0, 160.66, 11.0963
603, 0, 162.414, 11.2579
604, 0, 164.173, 11.4212
605, 0, 165.938, 11.5862
606, 0, 167.708, 11.753
607, 0, 169.484, 11.9216
608, 0, 171.264, 12.092
609, 0, 173.05, 12.2642
610, 0, 174.839, 12.4381
611, 0, 176.633, 12.6138
612, 0, 178.432, 12.7914
613, 0, 180.234, 12.9707
614, 0, 182.039, 13.1518
615, 0, 183.848, 13.3348
616, 0, 185.66, 13.5195
617, 0, 187.475, 13.7061
618, 0, 189.293, 13.8945
619, 0, 191.113, 14.0847
