2J P   S L   CF   NI       ENERGY(RYD)
 0 0   3 1    1    4        0.00000000       
 2 0   3 1    1    3        0.00102604       
 4 0   3 1    1    2        0.00302128       
 4 0   1 2    1    1        0.20150248       
 0 0   1 0    1    5        0.36711922       
 4 1  -5 0    2    5        0.47314670       
 4 1  -3 2    2    2        1.12871396       
 2 1  -3 2    2    6        1.12871723       
 6 1  -3 2    2    1        1.12873020       
 0 1  -3 1    2   10        1.32819383       
 2 1  -3 1    2    7        1.32820033       
 4 1  -3 1    2    4        1.32821091       
 4 1  -1 2    2    3        1.84150041       
 2 1  -3 0    2    9        1.89866605       
 2 1  -1 1    2    8        2.04098401       
 4 0   3 1    3    2        2.71959453       
 2 0   3 1    3    3        2.72160992       
 0 0   3 1    3    4        2.72259925       
 4 0   1 2    3    1        2.92008089       
 0 0   1 0    3    5        3.35287160       
 0 0   0 0    0    0     -146.24466868
