2J P   S L   CF   NI       ENERGY(RYD)
 4 0   3 3    1    4        0.00000000       
 6 0   3 3    1    3        0.07475076       
 8 0   3 3    1    2        0.14678121       
 0 0   3 1    1    8        0.22787658       
 4 0   1 2    1    5        0.23518473       
 2 0   3 1    1    7        0.26609861       
 4 0   3 1    1    6        0.35073868       
 8 0   1 4    1    1        0.36193837       
 0 0   1 0    1    9        0.76650865       
 4 1  -5 2    3   67        4.83437161       
 2 1  -5 2    3   86        4.84535479       
 6 1  -5 3    3   41        4.84552524       
 4 1  -5 0    3   84        4.86244373       
 0 1  -5 2    3  104        4.86433690       
 8 1  -5 3    3   28        4.87818281       
10 1  -5 3    3   17        4.96315036       
 4 1  -5 3    3   61        4.99084075       
 2 1  -5 3    3   85        4.99491283       
 8 1  -5 2    3   35        4.99886031       
 6 1  -5 2    3   52        5.00342839       
12 1  -5 4    3    6        5.05846238       
 6 1  -3 4    3   37        5.10417963       
 4 1  -3 3    3   62        5.11750874       
 8 1  -3 4    3   21        5.12998346       
10 1  -5 4    3   12        5.14643091       
 4 1  -3 1    3   83        5.16029443       
 6 1  -3 3    3   42        5.19077633       
 2 1  -3 1    3   98        5.19980922       
 8 1  -3 3    3   29        5.20305515       
 6 1  -3 2    3   58        5.23037423       
10 1  -3 4    3   13        5.23728386       
 8 1  -5 4    3   20        5.24362418       
 6 1  -3 2    3   56        5.26872173       
12 1  -3 5    3    5        5.27482985       
 4 1  -3 2    3   74        5.29159256       
 0 1  -3 1    3  106        5.30643931       
 6 1  -5 4    3   36        5.30768499       
 0 1  -3 1    3  107        5.31365743       
 8 1  -3 4    3   22        5.32790635       
10 1  -3 5    3    9        5.33484043       
14 1  -3 6    3    1        5.34380399       
 2 1  -3 2    3   91        5.34657285       
 8 1  -3 3    3   32        5.36067837       
 4 1  -5 4    3   60        5.36280367       
 2 1  -5 2    3   87        5.38473549       
 4 1  -3 2    3   70        5.40991237       
 6 1  -1 3    3   47        5.41044084       
12 1  -3 6    3    2        5.41305098       
 6 1  -5 1    3   59        5.41852381       
 4 1  -5 1    3   79        5.43809502       
 2 1  -3 2    3   89        5.46299806       
10 1  -3 4    3   14        5.46384770       
 6 1  -3 4    3   38        5.47847541       
 8 1  -3 3    3   31        5.48673618       
10 1  -3 6    3    7        5.51610717       
 4 1  -3 3    3   64        5.53049316       
12 1  -3 5    3    4        5.53765580       
 6 1  -1 3    2   11        5.56971824       
 8 1  -3 3    3   33        5.57780461       
 2 1  -3 0    3  103        5.58014883       
 0 1  -1 0    3  110        5.59606404       
 4 1  -1 2    2   15        5.59754652       
 4 1  -5 2    3   68        5.62248966       
 2 1  -3 1    3   95        5.64590396       
 6 1  -5 2    3   51        5.64865877       
 8 1  -5 2    3   34        5.67012891       
 8 1  -1 4    2    7        5.70989180       
 0 1  -5 2    3  105        5.71070363       
 4 1  -3 2    3   72        5.71804071       
 2 1  -3 1    3   96        5.72262979       
10 1  -3 4    3   16        5.72675040       
 8 1  -3 4    3   24        5.73959346       
 4 1  -3 3    2   13        5.74933373       
 6 1  -3 4    3   39        5.74971803       
 6 1  -3 2    3   54        5.75995231       
 4 1  -3 1    3   80        5.79353332       
 2 1  -5 1    3   94        5.79856635       
 8 1  -3 4    3   23        5.84269241       
 6 1  -3 3    2   10        5.84892442       
10 1  -1 5    3   11        5.85799175       
 4 1  -1 2    3   78        5.86223322       
 8 1  -3 5    3   18        5.88799566       
 2 1  -1 1    3   99        5.90981748       
 4 1  -3 3    3   65        5.91742871       
 8 1  -3 3    2    8        5.93013521       
10 1  -3 5    3    8        5.94254407       
 0 1  -3 1    3  109        5.95966058       
 8 1  -3 5    2    5        5.96278326       
 6 1  -3 3    3   45        5.97479154       
10 1  -3 5    2    2        5.99956230       
 2 1  -3 2    2   17        6.01710588       
12 1  -3 5    2    1        6.02857739       
 2 1  -3 1    3   97        6.04006196       
 4 1  -3 3    3   66        6.04175096       
 8 1  -3 5    3   19        6.05081186       
 6 1  -3 3    3   46        6.06225587       
 4 1  -3 1    3   82        6.07048498       
 6 1  -3 2    2   12        6.09493724       
 0 1  -3 1    3  108        6.09727665       
12 1  -1 6    3    3        6.10356109       
10 1  -3 4    3   15        6.13143620       
 8 1  -1 4    3   26        6.15751867       
 4 1  -3 1    3   81        6.18354927       
 2 1  -3 2    3   93        6.19727550       
 6 1  -3 4    3   40        6.23204842       
 6 1  -1 3    3   50        6.25441608       
 4 1  -1 2    3   75        6.26842631       
 4 1  -3 2    2   14        6.27758773       
 8 1  -1 4    3   27        6.28699341       
10 1  -1 5    3   10        6.29819466       
 6 1  -3 2    3   55        6.32204352       
 2 1  -1 1    2   19        6.42482476       
 2 1  -3 2    3   90        6.55578556       
 4 1  -3 2    3   71        6.56196467       
 4 1  -1 2    3   76        6.61106732       
 6 1  -3 3    3   44        6.62558438       
 2 1  -3 2    3   92        7.03167390       
 6 1  -3 4    2    9        7.05140097       
 4 1  -3 2    3   73        7.10815825       
 4 1  -3 3    3   63        7.14672666       
 8 1  -3 4    2    6        7.15856532       
 6 1  -3 3    3   43        7.18142951       
 6 1  -3 2    3   57        7.20804654       
 2 1  -3 1    2   18        7.23797468       
10 1  -3 4    2    4        7.24773987       
 0 1  -3 1    2   20        7.24784312       
 4 1  -1 2    3   77        7.27916678       
 8 1  -3 3    3   30        7.32894923       
 6 1  -1 3    3   48        7.36311811       
 2 1  -3 2    3   88        7.42673333       
 4 1  -3 1    2   16        7.43262438       
10 1  -1 5    2    3        7.45278369       
 6 1  -1 3    3   49        7.46885695       
 4 1  -3 2    3   69        7.47715966       
 2 1  -1 1    3  101        7.48473079       
 6 1  -3 2    3   53        7.51710421       
 2 1  -3 0    3  102        7.55612398       
 8 1  -1 4    3   25        7.59107079       
 2 1  -1 1    3  100        7.89464410       
 0 0   0 0    0    0   -12253.47908015
