2J P   S L   CF   NI       ENERGY(RYD)
 0 0   1 0    1    1        0.00000000       
 0 1  -3 1    2    4       15.48012477       
 2 1  -3 1    2    2       18.94605186       
 0 0   3 1    3    4       42.36448414       
 4 1  -3 1    2    1      190.76467209       
 2 1  -1 1    2    3      198.13364991       
 2 0   3 1    3    3      214.07094999       
 4 0   1 2    3    1      216.41242101       
 4 0   3 1    3    2      390.55017069       
 0 0   1 0    3    5      395.44943622       
 0 0   0 0    0    0   -18418.67599501
