2J P   S L   CF   NI       ENERGY(RYD)
 0 0   3 1    1    4        0.00000000       
 2 0   3 1    1    3        0.00076419       
 4 0   3 1    1    2        0.00226721       
 4 0   1 2    1    1        0.19100246       
 0 0   1 0    1    5        0.47275666       
 0 1  -3 1    2    4        2.61749764       
 2 1  -3 1    2    2        2.61822067       
 4 1  -3 1    2    1        2.61973632       
 2 1  -1 1    2    3        2.66642804       
 2 0   1 1    3    7        2.89811439       
 2 0   3 2    3    5        2.91789181       
 4 0   3 2    3    2        2.91876217       
 6 0   3 2    3    1        2.92015786       
 0 0   3 1    3    9        2.94232066       
 2 0   3 1    3    6        2.94274490       
 4 0   3 1    3    4        2.94369838       
 2 0   3 0    3    8        2.95091881       
 4 0   1 2    3    3        2.98420039       
 0 0   1 0    3   10        3.04569653       
 4 1  -1 2    4    7        3.15507497       
 4 1  -3 3    4    5        3.16744593       
 6 1  -3 3    4    2        3.16814803       
 8 1  -3 3    4    1        3.16921712       
 2 1  -3 2    4    9        3.18082034       
 4 1  -3 2    4    6        3.18111283       
 6 1  -3 2    4    4        3.18153709       
 4 1  -3 1    4    8        3.20663948       
 2 1  -3 1    4   10        3.20732832       
 0 1  -3 1    4   12        3.20767981       
 6 1  -1 3    4    3        3.24008947       
 2 1  -1 1    4   11        3.24448477       
 0 0   0 0    0    0     -145.97004412
